.Random.seed <-
c(10403L, 10L, 1253665624L, 1956308486L, 1757917153L, -1154687629L, 
550696418L, 2104965460L, -363419561L, -1392978867L, 509601764L, 
1849914826L, 1190812725L, -87606641L, 209564566L, 857423680L, 
669028867L, 1891821601L, -1104559344L, -747740946L, 1509621913L, 
-2137316053L, 300063770L, 228093660L, 211388127L, 1309864117L, 
-433129908L, 406706850L, -122240515L, 1324731127L, 164142110L, 
-2073831720L, -494663109L, -410048551L, -1759679128L, 239754390L, 
212523537L, 1658655683L, -1640288302L, 1852680804L, -392271449L, 
-2046294275L, 818217716L, -1765292582L, -1628186331L, 1012662335L, 
693813190L, 2001724496L, -2058876813L, 1091472529L, -1033327424L, 
837000862L, 1177989737L, 381825691L, 864681898L, 1130793932L, 
-629078385L, 1587058373L, -1595924868L, 1035563730L, -2090863027L, 
1503582983L, 636952302L, 228416456L, -762843957L, 1860162857L, 
531936632L, -1081054554L, -1726903103L, 417557843L, -1616074238L, 
-810568908L, 619356343L, -1638676307L, 91436484L, -1023998486L, 
167107157L, -1422760977L, -1501854730L, 1703621920L, 1745607395L, 
218741633L, -1636459024L, -1533229938L, 1903397881L, 313682315L, 
765875642L, -1202750276L, -288387073L, 427060565L, 439553644L, 
1683180226L, -2123477731L, -1173109865L, 430364414L, 1241384120L, 
1073329819L, -971483911L, -81238456L, 565707126L, 291268785L, 
1976151267L, -1573430350L, 1015989252L, 354731847L, 2107104797L, 
258372756L, 102519866L, 403975813L, 285298527L, 1507397606L, 
-1734581648L, -672430701L, 771215921L, -474328864L, 728058238L, 
314190857L, -1725891525L, -405356022L, -2099475988L, 884166255L, 
-1452662363L, -45303460L, -208132814L, 922278957L, -1745194265L, 
-1824704498L, -166303256L, 1115204587L, -121678711L, 1363578904L, 
936513350L, 1030770081L, -1988950989L, -255161950L, -1095799660L, 
-345830633L, 1710179597L, 20034596L, 1043883018L, -1031276171L, 
-469131057L, 273503190L, -339342464L, 1667350467L, 1963997537L, 
1314066384L, -947796178L, -1171858727L, -861292309L, 787188058L, 
257905436L, -150141409L, 1504992885L, -870630644L, -389384478L, 
-381920323L, -1500201929L, -73093410L, 1336592920L, -1412229765L, 
-638153447L, -1499164248L, -2040371882L, -884910639L, -189387389L, 
-210013166L, -496533596L, 210196327L, 2142864573L, -1876528076L, 
-648104038L, 454435813L, -1667031169L, -1032782074L, -1278068592L, 
929157427L, 1730758353L, 1148556416L, 1645614430L, -1390925143L, 
1577039195L, 1406805866L, -752849396L, 1882875471L, 894659333L, 
868002748L, -990921070L, 2139905421L, 213159367L, 337637038L, 
7718664L, -799697653L, -787979287L, 273323192L, -596884634L, 
-1335367679L, 1143502483L, -402044606L, -1705367820L, -385502473L, 
-1906023699L, -1622852220L, 2143908778L, -1474246379L, -1246837841L, 
1765317558L, 462717408L, 1551409443L, -409102783L, -330294992L, 
-600921266L, -1563119175L, -833131573L, -1189732230L, -1437777540L, 
105009599L, 434990741L, 287921324L, 844201602L, -789113251L, 
567474519L, -410753986L, -1252693896L, -1023134885L, 1761636025L, 
-1559731448L, 1605671350L, -2145704207L, -1551390808L, 1753595276L, 
-1987882820L, -1081405070L, -228512528L, 775393348L, 1865623896L, 
-332386758L, -683095184L, 1321732156L, -50481388L, -869257790L, 
-1305701664L, 332660604L, -1943478576L, 1570771106L, 1883493416L, 
-150940404L, -2127188036L, -606408398L, -142659136L, 343894580L, 
-1414036536L, 1007792314L, 1238124944L, 1929996780L, 1478687316L, 
772995218L, -640198880L, -1332088372L, 1022227936L, -814012734L, 
1050385448L, 311786156L, -864099140L, 361853426L, 208372016L, 
1127972004L, 2141679288L, -1645384358L, -2129126000L, -368936068L, 
1951756564L, 784372546L, -569476352L, 1900554172L, 1633052496L, 
1973625634L, 735368520L, 1236644364L, -152496036L, 508216530L, 
-1426677248L, 669717844L, 1451491816L, 1485859834L, 2124763344L, 
812477740L, 1647100660L, 1553359250L, -1997253536L, 235031820L, 
450786016L, 42357090L, -720520536L, -192339380L, 1959033212L, 
268074290L, 1407979632L, -230199484L, -1091033640L, -667632518L, 
-890896848L, -425569604L, -1780406444L, -28359614L, 144358816L, 
1430694588L, -732114480L, 187254114L, 322801640L, -2041495604L, 
-410142980L, 1238129138L, -1470820224L, -1888916236L, 525438600L, 
1076772666L, -1228334256L, 1338879596L, 1021380756L, -407332526L, 
-801712416L, 1979636428L, -1870462816L, -1399469182L, 1104945896L, 
2143404780L, -765547460L, 1666218610L, 1150862448L, 1508671012L, 
-510731208L, 67946522L, -2126824752L, 175774780L, -1500945260L, 
1520802946L, -984784960L, -1885720260L, 460634768L, 1635726370L, 
433116168L, 770140300L, -1202527204L, -259162478L, 1289962624L, 
-1883189228L, -1484366552L, -785834438L, 1408240848L, -145152916L, 
-217206092L, -299802606L, 225187808L, -115533876L, -993014304L, 
-102562270L, -779763416L, 327063820L, -598153668L, -416698126L, 
122925808L, -2069953724L, 1277993560L, 824379962L, -824099088L, 
1042085052L, 1389909524L, -485082942L, -1369995168L, -1889806980L, 
-1881975600L, 765549602L, -97598808L, -610310260L, 1350480316L, 
-2113186766L, -592144576L, 411248820L, 662387528L, 1287363258L, 
2055051024L, -2018770708L, 791532628L, -935895278L, 1816583072L, 
1811955660L, 116210528L, -312012606L, 618047016L, -2025871956L, 
160685884L, -1471051918L, 1045486384L, -1428520412L, -166946760L, 
587113690L, 1714416016L, -1176336644L, -1266339948L, -1017484478L, 
1654546944L, -2007860676L, -2052227504L, 105855650L, -1297392824L, 
1348035084L, 1041444060L, 907401810L, -877279104L, -302900396L, 
-622347800L, 2102954746L, -2025261232L, -1823146964L, -1600981644L, 
463816338L, -1493206432L, 381584012L, 1368357728L, -1124998430L, 
-1272528728L, -1303052084L, 1184598524L, 585420722L, 24516080L, 
-919779900L, 2044649304L, -1338774662L, 1642157488L, 1519409596L, 
1756866644L, -1047483454L, -645659872L, 1745747900L, -1631532464L, 
-1528185374L, 549032296L, -236057268L, 711526652L, -414752014L, 
1536612096L, -181991820L, -1946900472L, 1450113466L, -98723888L, 
1304041964L, 47173524L, 1977758418L, 1315008096L, -838007476L, 
1787008288L, 341807746L, 2078681576L, 627017708L, 1681421884L, 
-183338759L, -1608057458L, -615780260L, 1027052237L, -1154963913L, 
-1048044352L, 873747358L, 1336393835L, -256720915L, -1478958502L, 
-1507318504L, 843321985L, -1282744269L, -1305811372L, -2059996574L, 
-964135689L, 1138519873L, 1088294342L, -1942331644L, 929520309L, 
-1195518561L, -1535153672L, -342530090L, -524471709L, 1153477157L, 
-728346174L, 35428016L, -1418555687L, -1052354485L, 1892517564L, 
1911727338L, 2085155103L, 1112834473L, -666441922L, -110931412L, 
-1925627779L, 2030215879L, -439379024L, 1525960142L, 2066988795L, 
-467565219L, 1738804874L, 24448168L, -655681519L, -1698223869L, 
-937212924L, 876768306L, -576158585L, 1425101009L, -288308650L, 
-1480168908L, -1720217275L, -1176278129L, -740421880L, 269072678L, 
-1422546477L, 269959989L, -1427877230L, 1346733664L, -1094336567L, 
-1817383173L, -1255624500L, 979347802L, -531528625L, -452343527L, 
1285567278L, 1780931900L, -186250579L, 1944995159L, 2115499168L, 
-2081422850L, 1824320715L, -1763562803L, 1387890170L, -1450744264L, 
937896929L, 322073747L, -1914851660L, -1408068670L, -2143934505L, 
1443948577L, 1144250342L, -860259612L, -1015525867L, -1583524289L, 
299271640L, 1208380406L, -726752253L, -1696250043L, -1434266782L, 
69598416L, 1423124473L, -1749800149L, -2073698148L, -700596534L, 
1632544703L, 1293796105L, -1756218338L, -119683636L, -1680486499L, 
150592039L, -1237157808L, -788750098L, -119624293L, -2092297219L, 
-812585238L, -2045003384L, -1537452239L, -27424861L, 693096356L, 
1946970706L, -1888714329L, 479442417L, -1341669066L, -1462167084L, 
809545573L, 1187323759L, 966369704L, -349489402L, 1464988211L, 
762818709L, 500682994L, -1422866112L, 1934784169L, 163041051L, 
1192876268L, -1555155718L, 1430224175L, -468276935L, -2129519794L, 
-1271602788L, 1554266893L, 1686293879L, 1280592256L, 1804767198L, 
-2129921877L, -631198803L, -224194534L, 357172952L, 890210113L, 
-1818560525L, 2060450324L, -2098404446L, -77505353L, -1092766079L, 
